76f	19	5	17
66f	3	6	10
56f	3	8	10
46f	5	18	9
36f	12	16	9
26f	0	14	13
16f	10	11	9
96f	10	6	9
86f	13	0	3
78f	19	5	10
68f	17	6	4
58f	15	8	10
48f	4	18	5
38f	0	16	5
28f	1	14	0
18f	10	11	6
73f	17	5	3
63f	13	15	10	3
53f	19	18	17
43f	17	18	5
33f	8	14	12
23f	8	11	6
13f	3	7	6
98f	10	9	12
88f	3	0	1
93f	10	8	12
83f	10	5	0
70f	19	6	17
60f	15	8	12
50f	6	18	17
40f	5	16	9
30f	12	14	15
20f	10	11	8
10f	1	7	8
90f	3	4	1
80f	15	12	10
75f	19	6	10
65f	13	8	1
55f	0	1	8	12
45f	6	18	19
35f	10	16	0
25f	0	14	15
15f	3	7	1
101f	13	0	15
95f	10	6	8
85f	17	4	3
72f	17	5	4
62f	15	0	10
52f	19	18	5
42f	10	16	12
7f	3	2	5
6f	3	2	0
5f	3	2	4
32f	8	14	15
3f	4	2	5
2f	1	2	4
1f	3	2	1
0f	1	2	0
22f	10	11	12
12f	3	7	4
4f	0	2	5
92f	3	8	1
82f	10	9	5
9f	1	7	4
8f	4	7	6
102f	1	8	6	4
103f	0	1	4	5
77f	19	9	5
67f	3	5	10
57f	3	0	10
47f	4	18	6
37f	10	16	5
27f	1	14	13
17f	6	11	9
97f	12	8	6	9
87f	13	1	3
79f	19	9	10
69f	19	6	9
59f	13	8	3
49f	19	18	9
39f	10	16	9
29f	1	14	8
19f	8	11	12
74f	17	6	3
64f	13	0	1
54f	5	4	6	9
44f	4	18	17
34f	0	14	12
24f	8	14	13
14f	8	7	6
99f	0	12	9	5
89f	3	5	4
94f	3	6	8
84f	3	5	0
71f	17	19	10	3
61f	15	12	0
51f	6	18	9
41f	0	16	12
31f	13	14	15
21f	12	11	9
11f	3	7	8
100f	13	8	15
91f	3	6	4
81f	10	12	0
