406f	44	25	135
436f	138	52	12	102
506f	150	161	25	12
536f	48	88	44
774f	23	35	143	22
674f	8	11	5
574f	42	58	60
474f	7	12	121
374f	7	60	59
274f	70	69	42
174f	132	5	12
744f	16	84	82	25
644f	76	75	24
544f	98	149	24
444f	112	15	69
344f	11	7	79
244f	12	55	114
144f	12	9	10
714f	21	26	5
614f	86	115	39
514f	89	91	39
414f	147	24	77
314f	145	57	50	89
214f	146	30	16
114f	118	119	7
784f	42	12	54
684f	122	119	7
584f	24	38	98
484f	5	132	21
384f	59	158	125	68
284f	7	16	134	119
184f	1	136	44
759f	121	122	7
659f	148	115	25
559f	1	0	16
459f	16	25	36
359f	7	16	131	58
259f	55	15	114
159f	16	0	25
729f	55	114	42
629f	125	158	7
529f	42	12	113
429f	53	5	151
329f	40	39	22
229f	93	96	44
129f	105	62	39
699f	68	125	42
599f	156	51	52
499f	73	24	74
399f	15	114	12
299f	145	89	44
199f	145	44	90
757f	29	16	25
657f	44	25	141
557f	98	24	37
457f	23	36	24
357f	140	5	14
257f	51	15	54
157f	136	16	18
727f	103	102	153
627f	15	4	92
527f	159	42	12	102
427f	162	160	60	7
327f	62	39	63
227f	44	115	25
697f	120	42	121
597f	39	15	45	46
497f	108	110	15
397f	12	121	122
297f	7	10	12
197f	105	144	61	62
127f	83	82	130
761f	20	7	21
661f	160	60	12	102
561f	95	16	93
461f	38	4	13	37
361f	96	25	16
261f	64	63	39
161f	17	1	16
531f	163	123	42
431f	6	15	13
331f	39	144	38
231f	42	44	88	111
131f	129	126	44	87
631f	121	42	122
731f	16	84	83	29
501f	39	15	52	87
401f	52	12	15
301f	14	110	15
201f	104	79	5
101f	53	5	12
601f	19	80	7
701f	39	25	86
77f	15	39	100	99
67f	44	89	25
57f	5	24	74	78
47f	70	15	69
37f	6	5	56
27f	24	25	40
17f	27	5	8
74f	2	96	25
64f	44	86	25
54f	75	16	71
44f	6	56	65	31
34f	42	52	51
24f	38	25	39
14f	27	28	5
97f	5	13	4
78f	15	39	97	56
68f	90	91	44
58f	5	24	33	79
48f	59	68	60
38f	47	44	57
28f	42	44	43	41
18f	24	32	25
87f	106	39	43
94f	48	47	39
84f	105	39	64
71f	31	5	92
61f	83	84	82
51f	73	74	16
41f	61	25	24
98f	73	33	16
88f	39	87	48
31f	40	49	24
21f	35	23	25	12
11f	23	24	22
91f	71	24	72
81f	103	4	12	102
752f	53	151	15
652f	153	5	12	102
552f	16	2	96
452f	5	24	23	35
352f	150	113	15
252f	134	136	137	135
152f	114	113	42
722f	59	42	158
622f	68	7	125
522f	86	44	115
422f	23	36	25
322f	39	127	129	87
222f	16	141	25
692f	12	25	115	113
592f	98	39	149
492f	85	126	82
392f	66	124	120	67
292f	5	12	34
192f	100	142	105	64
122f	96	85	82	25
760f	19	132	80
660f	31	65	152	92
560f	152	5	108
460f	40	49	110	14	143	22
360f	136	18	157	118	119	134
260f	39	62	25
160f	136	137	16
730f	51	54	42
330f	5	140	12
230f	149	144	24
130f	44	126	85	96
430f	6	56	15
530f	163	12	113
630f	27	28	77	76	74	78
700f	122	42	123
300f	106	145	44
200f	109	24	29
100f	65	56	15
400f	15	111	52
500f	146	24	75
600f	51	12	52
765f	5	12	10
665f	152	15	151
565f	39	25	115
465f	15	12	140
365f	39	25	91
265f	39	40	25
165f	90	44	46
335f	90	39	91
235f	150	12	143
135f	95	44	131
435f	5	14	12
535f	7	60	67
635f	122	123	12
735f	103	139	102
305f	144	105	24
205f	20	27	8	21
105f	7	34	12
405f	135	134	44
505f	150	161	22	143
605f	161	22	25
705f	95	16	94
773f	24	5	143	22
673f	11	79	5
573f	114	15	113
473f	118	7	121
373f	66	67	7
273f	42	52	70
173f	5	12	104
743f	29	83	82	25
643f	76	24	77
543f	146	29	30
443f	15	54	12
343f	72	32	16
243f	114	113	12
143f	7	12	120
713f	19	5	80
613f	145	90	39
513f	116	15	45
413f	24	147	29
313f	25	89	50
213f	16	29	147
113f	7	60	66
783f	112	69	42
683f	148	163	12	25
583f	65	15	99
483f	132	29	81	80
383f	67	12	60
283f	7	16	96	60
183f	3	1	44
758f	16	29	81
658f	148	44	141
558f	2	16	25
458f	101	16	36
358f	95	131	58	59	158	94
258f	106	43	44
158f	16	137	25
728f	154	153	102
628f	67	12	7
528f	163	42	113
428f	4	12	5
328f	144	39	105
228f	95	94	44
128f	61	39	25
698f	42	67	60
598f	155	156	52
498f	24	72	25
398f	114	15	45
298f	11	7	78
198f	64	105	62	63
756f	24	81	29
656f	148	25	141
556f	154	132	12	102
456f	24	36	25
356f	135	134	119	122	123	141
256f	15	51	52
156f	135	16	134
526f	5	143	12
426f	140	14	15
326f	61	39	62
226f	124	120	42
126f	128	130	82
626f	68	66	7
726f	160	162	102
696f	156	51	42
596f	39	15	113	115
496f	12	151	140
396f	118	119	122	121
296f	24	25	62
196f	25	62	61
764f	117	34	12
664f	65	99	5
564f	30	24	71
464f	96	44	25
364f	98	37	38
264f	40	39	49
164f	98	97	24
334f	142	149	144	105
234f	150	12	15
134f	3	2	44
434f	108	5	99
534f	67	120	7
634f	25	71	30
734f	138	159	102
304f	24	38	144
204f	19	28	27	20
104f	70	111	88	48	107	69
404f	44	25	137
504f	15	39	38	4
604f	161	39	25
704f	93	16	96
779f	70	155	42
679f	15	156	52
579f	16	7	28	77
479f	60	12	42
379f	116	15	41
279f	14	143	15
179f	93	17	16
349f	156	133	54	51
249f	137	135	44
149f	26	7	9
319f	90	145	89	91
219f	147	109	16
119f	124	118	7
419f	15	39	22	143
449f	52	42	12
789f	3	96	2
689f	42	44	87	52
589f	144	39	61
489f	133	42	54
389f	19	7	28
289f	7	16	94	158
189f	25	63	62
519f	25	86	91
549f	1	16	136
619f	7	12	123
649f	147	81	24
719f	59	58	42
749f	5	53	4
777f	40	22	24
677f	19	80	81	147	77	28
577f	42	122	12
477f	42	121	12
377f	15	55	12
277f	155	42	112
177f	27	78	11	8
347f	70	69	112	155
247f	44	96	2
147f	104	34	12
447f	73	75	71	72
547f	44	25	0
647f	147	24	109
747f	95	96	93
717f	59	42	68
617f	155	15	52
517f	91	86	39
417f	112	41	15
317f	87	39	25
217f	109	146	16
117f	120	121	7
787f	26	7	12
687f	44	42	163	148
587f	15	4	13
487f	71	72	16
387f	65	5	56
287f	7	16	18	157
187f	16	3	96
751f	92	152	151	53
651f	89	44	91
551f	0	16	137
451f	5	24	29	132
351f	150	113	12
251f	153	154	132	5
151f	9	7	10
321f	16	7	34	36
221f	93	44	17
121f	125	7	124
421f	23	24	25
521f	163	123	12
621f	125	7	157
721f	42	59	60
791f	50	44	89
691f	42	44	115	113
591f	149	39	144
491f	144	61	24
391f	68	125	124	66
291f	64	24	63
191f	7	12	122
76f	98	37	13	6	56	97
66f	87	25	44
56f	76	77	16
46f	68	66	60
36f	54	55	42
26f	12	25	36	34
16f	31	5	4
53f	30	25	16
43f	49	64	63	40
33f	5	24	36	34
23f	38	24	25
73f	94	95	93	17
63f	86	44	46
13f	26	12	5
96f	76	16	74
86f	90	46	39
70f	44	91	25
93f	108	99	15
83f	8	7	11
60f	5	24	77	28
50f	73	16	72
40f	61	62	24
30f	48	44	47
20f	35	23	36	34
10f	8	5	9
90f	47	57	39
80f	101	25	36
772f	12	53	151
672f	20	5	27
572f	139	15	12	102
472f	25	12	123	141
372f	59	7	58
272f	112	42	41
172f	5	132	80
342f	70	155	52
242f	25	135	137
142f	30	71	16
312f	106	47	57	145
212f	147	77	16
112f	117	34	7
412f	108	110	14	140
442f	112	133	15
512f	16	25	32
542f	30	29	25
582f	118	157	7
482f	60	7	12
382f	20	27	7
282f	16	7	132	29
182f	44	96	3
612f	15	113	12
642f	7	60	58
682f	148	163	123	141
712f	93	16	3
742f	83	130	24	29
782f	155	156	42
750f	105	24	62
650f	146	24	30
550f	135	16	141
450f	42	52	111
350f	21	7	26
250f	135	25	141
150f	7	26	132
320f	43	106	145	90
220f	17	44	18
120f	66	124	7
420f	15	39	49	110
520f	42	123	12
620f	117	7	123
690f	163	148	115	113
590f	98	37	39
490f	6	31	4
390f	20	7	132
290f	15	70	52
190f	40	25	22
720f	66	42	67
790f	91	44	86
755f	29	25	24
655f	148	44	25
555f	147	81	29
455f	16	135	25
355f	15	4	6
255f	54	15	55
155f	48	39	88
325f	63	39	40
225f	125	124	42
125f	129	127	82
425f	65	15	152
525f	35	143	5
625f	59	68	7
695f	67	42	120
595f	57	44	145
495f	149	142	39
395f	156	15	51
295f	24	25	63
195f	25	40	63
725f	154	102	162
7f	17	18	16
6f	15	12	14
5f	6	4	13
4f	5	12	9
3f	11	5	10
2f	8	9	7
1f	5	6	4
0f	1	3	2	0
463f	64	100	99	108	110	49
363f	98	38	149
263f	142	39	97
163f	104	79	33	32	36	34
333f	50	25	39
233f	150	15	143
9f	20	21	5
8f	19	20	5
133f	44	96	95
303f	142	24	100
203f	12	26	9
103f	52	87	88	111
403f	44	42	58	131
433f	15	4	53
503f	15	39	161	150
533f	16	29	30
563f	72	24	32
603f	133	116	55	54
633f	5	151	12
663f	32	36	16
703f	86	46	39
733f	160	102	159
763f	117	12	7
778f	47	44	87
678f	104	34	5
578f	122	42	119
478f	118	42	157
378f	44	57	87
278f	116	45	42
178f	8	11	10	9
348f	155	112	133	156
248f	2	0	44
148f	10	7	104
318f	39	87	88
218f	101	117	12	25
118f	122	123	7
418f	65	99	108	152
448f	74	76	75	73
518f	86	25	115
548f	3	16	1
588f	53	12	15
488f	142	24	105
388f	7	19	132
288f	7	16	141	123
188f	136	16	134
618f	124	7	120
648f	109	24	146
688f	44	42	60	96
718f	68	42	66
748f	31	4	15
788f	95	131	96
776f	105	64	24
676f	27	5	78
576f	92	152	15
476f	42	120	12
376f	68	60	7
276f	156	133	42
176f	132	12	7
346f	21	7	8
246f	12	54	55
146f	12	10	104
316f	46	90	91	86
216f	108	140	5
116f	7	9	12
416f	161	22	39
446f	114	45	42
516f	50	89	39
546f	17	94	44
586f	39	98	38
486f	44	50	87
386f	159	42	60	160
286f	117	101	141	123
186f	0	137	44
616f	5	132	26
646f	30	24	25
686f	125	157	42
716f	67	42	12
746f	93	96	3
786f	112	42	133
754f	39	15	69	107
654f	161	39	115
554f	137	16	135
454f	25	72	71
354f	96	60	58	131
254f	136	1	0	137
154f	57	50	39
324f	39	61	38
224f	148	115	44
124f	128	82	127
424f	31	15	65
524f	76	74	24
624f	117	12	123
694f	118	42	119
594f	149	39	38
494f	64	39	49
394f	124	118	121	120
294f	64	100	24
194f	18	17	1	136
724f	16	29	146
769f	25	12	143	22
669f	24	146	29
569f	156	15	133
469f	6	5	31
369f	47	87	57
269f	57	87	50
169f	108	15	140
339f	145	39	89
239f	35	12	34
139f	2	25	44
309f	62	63	24
209f	20	21	132
109f	27	7	28
409f	44	42	157	18
439f	116	55	15
509f	11	78	74	73	33	79
539f	48	44	107
609f	9	10	5
639f	116	41	42
709f	16	95	96
739f	38	128	82	25
767f	24	5	99	100
667f	4	15	12
567f	32	24	36
467f	14	5	143
367f	48	88	87
267f	39	63	25
167f	31	65	5
337f	106	107	39
237f	35	5	34
137f	93	3	44
307f	149	24	142
207f	26	12	132
107f	112	69	107	106	43	41
407f	44	96	131
437f	133	54	15
507f	73	72	24
537f	57	44	50
607f	39	87	57
637f	125	157	118	124
707f	68	42	60
737f	39	127	82	25
771f	66	42	124
671f	5	132	19
571f	133	15	116
471f	44	42	123	141
371f	144	38	61
271f	155	52	42
171f	104	7	79
341f	12	51	54
241f	25	0	2
141f	17	44	1
311f	107	48	47	106
211f	146	75	16
111f	116	41	43	90	46	45
411f	136	18	44
441f	70	15	155
511f	32	33	16
541f	77	147	109	76
581f	32	25	36
481f	125	42	158
381f	27	78	7
281f	101	117	34	36
181f	136	134	44
611f	26	9	5
641f	109	29	146
681f	24	5	56	97
711f	95	131	16
741f	24	130	128	38
781f	116	42	55
75f	15	39	37	13
65f	44	88	87
55f	76	16	75
45f	66	67	60
35f	53	12	4
25f	39	37	38
15f	24	30	29
72f	17	93	3	1
62f	85	82	84
52f	16	25	72
42f	63	40	24
32f	50	44	25
22f	24	38	37
12f	24	25	22
95f	109	16	76
85f	47	39	106
79f	101	16	25
92f	47	87	39
82f	104	7	34
69f	90	44	43
59f	5	24	81	80
49f	16	25	71
39f	59	60	58
29f	42	44	46	45
19f	32	24	33
99f	108	5	110
89f	48	107	39
762f	19	7	20
662f	65	152	5
562f	153	5	4	103
462f	142	97	56	65	99	100
362f	90	43	39
262f	142	105	39
162f	17	16	94
332f	139	103	4	15
232f	6	31	15
132f	31	92	4
302f	149	38	24
202f	21	8	9	26
102f	42	44	107	69
402f	44	42	158	94
432f	152	108	15
502f	161	150	113	115
532f	75	73	16
602f	112	41	116	133
632f	75	146	30	71
702f	25	32	72
732f	85	84	16	96
770f	42	66	60
670f	20	132	5
570f	155	112	15
470f	92	5	53
370f	149	38	144
270f	75	24	73
170f	7	104	12
340f	106	39	145
240f	15	12	143
140f	1	44	0
310f	24	38	61
210f	109	29	16
110f	27	8	7
410f	136	44	137
440f	51	15	12
510f	151	5	140
540f	76	109	146	75
580f	16	131	96
480f	92	53	4
380f	151	140	15
280f	92	53	15
180f	16	7	80	81
610f	10	104	5
640f	147	29	109
680f	24	5	13	37
710f	3	16	2
740f	24	130	82	25
780f	51	12	42
775f	24	5	4	38
675f	19	28	5
575f	12	140	14
475f	118	121	42
375f	59	158	7
275f	42	52	156
175f	7	80	132
345f	7	21	132
245f	116	45	114	55
145f	11	79	104	10
315f	25	91	89
215f	147	16	81
115f	11	10	7
415f	39	22	25
445f	42	12	114
515f	39	87	50
545f	142	97	24
585f	98	39	97
485f	21	8	5
385f	159	138	52	42
285f	16	7	117	101
185f	135	141	44
615f	163	12	42
645f	75	71	24
685f	162	7	132	154
715f	23	25	22
745f	162	7	12	102
785f	124	42	118
753f	39	15	41	43
653f	6	13	5
553f	2	16	0
453f	33	73	72	32
353f	17	94	158	125	157	18
253f	25	137	0
153f	133	116	42
323f	128	127	39	38
223f	101	141	16
123f	44	126	82	25
423f	16	7	79	33
523f	47	106	44
623f	35	143	12
693f	70	42	111
593f	142	100	39
493f	129	82	126
393f	12	120	121
293f	106	44	107
193f	14	143	12
723f	16	7	78	74
768f	24	5	110	49
668f	92	5	152
568f	109	76	24
468f	5	92	4
368f	61	38	25
268f	50	87	25
168f	139	15	52	138
338f	39	25	89
238f	35	12	5
138f	95	93	44
308f	64	49	24
208f	19	20	132
108f	114	45	46	86	115	113
408f	44	42	119	134
438f	155	15	156
508f	24	71	25
538f	44	48	87
608f	57	145	39
638f	42	12	55
708f	101	141	25
738f	87	129	82	25
766f	11	78	5
666f	152	151	5
566f	161	25	115
736f	138	102	139
636f	12	67	120
466f	15	12	151
706f	73	24	33
606f	70	111	15
366f	48	87	47
266f	64	39	100
166f	14	5	110
336f	97	98	149	142
236f	152	108	140	151
136f	70	52	111
306f	31	92	15
206f	21	26	132
106f	39	15	111	88
