2f	6	7	5	4
1f	4	5	2	3
0f	1	3	2	0
7f	8	3	1
6f	8	0	1
5f	7	5	2	0
4f	6	4	3	1
13f	8	4	6
9f	8	2	0
8f	8	2	3
62f	4	5	14
52f	1	8	13
42f	12	8	2
32f	8	10	2
22f	3	4	9
12f	8	5	4
61f	6	14	7
51f	1	0	13
41f	8	11	0
31f	8	4	10
21f	3	8	9
11f	8	5	7
29f	3	4	10
19f	6	4	9
39f	8	1	11
49f	5	2	12
59f	7	5	14
60f	7	8	14
50f	13	8	0
40f	8	11	2
30f	8	5	10
20f	6	8	9
10f	8	6	7
28f	3	10	2
18f	9	8	4
38f	8	3	11
48f	5	12	7
58f	14	8	5
57f	7	0	13
47f	5	8	12
37f	0	1	11
27f	2	5	10
17f	8	2	5
56f	6	13	1
46f	7	8	12
36f	0	11	2
26f	10	4	5
16f	8	3	4
65f	4	8	14
55f	7	8	13
45f	7	12	0
35f	2	3	11
25f	1	8	9
15f	8	0	7
64f	6	8	14
54f	7	13	6
44f	0	8	12
34f	11	1	3
24f	1	9	6
14f	8	1	6
63f	4	14	6
53f	6	8	13
43f	0	2	12
33f	8	10	3
23f	1	9	3
3f	6	7	0	1
