2f	9	6	8
1f	5	7	6	4
0f	1	3	2	0
6f	10	6	4
5f	11	6	9
4f	10	6	8
13f	9	1	8
9f	11	10	8	9
8f	10	5	8
42f	8	2	0
32f	11	5	9
22f	13	1	12
12f	9	2	8
41f	8	2	6
31f	12	3	9
21f	13	2	8
11f	11	6	7
49f	5	7	3	1
39f	8	6	4
29f	8	1	5
19f	12	1	9
40f	9	2	6
30f	9	1	5
20f	12	2	9
10f	11	5	7
28f	8	0	1
18f	12	1	3
38f	9	6	7
48f	7	6	2	3
47f	11	5	10
37f	9	2	3
27f	8	4	5
17f	12	13	8	9
46f	11	6	10
36f	9	3	7
26f	10	4	8
16f	13	2	12
45f	5	4	0	1
35f	9	1	3
25f	13	0	8
15f	13	2	0
44f	8	0	4
34f	9	5	7
24f	13	1	8
14f	12	2	3
7f	10	4	5
43f	4	6	2	0
33f	11	7	9
23f	13	0	1
3f	9	5	8
