108f	1	13	23
76f	3	19	2
66f	18	12	10
56f	1	16	5
46f	10	12	15
36f	6	12	14
26f	13	5	7
16f	12	4	10
111f	7	13	23
124f	7	13	25
96f	13	21	2
86f	4	3	20
116f	4	12	24
78f	12	9	19
68f	11	12	18
58f	17	4	6
48f	8	15	10
38f	9	14	8
28f	13	6	4
18f	12	8	9
109f	5	13	23
120f	6	24	4
73f	9	12	18
63f	13	4	17
53f	3	13	16
43f	4	6	15
33f	13	2	6
98f	22	13	2
88f	4	12	20
23f	13	3	1
13f	12	2	6
93f	0	1	21
83f	11	3	20
112f	5	23	1
70f	8	10	18
60f	3	17	2
50f	16	13	4
40f	8	14	6
30f	13	1	5
20f	12	2	9
10f	12	6	4
117f	2	12	24
90f	21	1	3
80f	12	19	2
128f	5	13	25
113f	7	0	23
105f	6	2	22
75f	2	9	19
65f	13	17	3
55f	1	16	3
129f	4	13	25
45f	10	15	4
35f	6	2	14
25f	13	2	0
101f	7	22	0
15f	12	3	11
114f	24	12	3
95f	13	1	21
85f	10	20	11
106f	23	13	0
72f	9	18	11
62f	13	6	17
52f	5	13	16
42f	15	12	6
7f	10	8	6	4
6f	10	11	3	4
32f	13	3	4
22f	13	0	1
3f	5	4	3	1
2f	5	7	0	1
1f	5	7	6	4
0f	1	3	2	0
12f	12	2	3
5f	8	9	2	6
4f	7	6	2	0
110f	7	23	5
92f	0	21	2
82f	20	12	3
9f	11	9	2	3
8f	11	10	8	9
102f	7	13	22
107f	1	0	23
125f	5	25	7
118f	2	3	24
103f	6	13	22
77f	3	11	19
67f	11	10	18
57f	1	13	16
47f	8	12	15
37f	8	12	14
27f	13	6	7
17f	12	8	10
121f	6	24	2
97f	13	21	0
87f	4	20	10
126f	4	6	25
79f	12	11	19
69f	8	12	18
59f	2	6	17
49f	8	6	15
39f	9	12	14
29f	13	4	5
19f	12	9	11
74f	19	11	9
64f	13	17	2
54f	3	4	16
44f	4	12	15
34f	14	12	2
24f	13	2	3
14f	12	10	11
99f	0	2	22
89f	10	12	20
104f	6	22	7
119f	6	12	24
94f	13	3	21
84f	11	12	20
122f	25	13	6
71f	9	18	8
61f	3	4	17
51f	5	4	16
41f	9	2	14
31f	13	0	7
21f	12	6	8
11f	12	3	4
100f	0	13	22
127f	4	25	5
91f	2	3	21
81f	12	19	3
123f	7	6	25
115f	4	3	24
